0,414
0,413
0,412
0,411
0,410
0,409
0,408
0,407
0,406
0,405
35,4
35,3
35,2
35,1
35,0
34,3
34,2
34,1
34,0
33,5
0,404
0,403
33,4
33,3
33,2
33,1
33,0
32,3
32,2
32,1
32,0
31,3
31,2
31,1
31,0
25,2
25,0
25,1
25,3
0,402
0,401
24,2
0,400
27,5
27,4
27,2
27,0
27,1
27,3
0,399
0,398
0,397
0,396
0,386
0,278
29,4
29,2
29,0
29,1
29,3
0,273
24,1
24,3
3,2
3,1
3,3
10,202
10,294
10,254
10,286
10,120
10,132
10,266
12,2
12,1
12,3
20,2
20,1
20,3
19,2
19,1
19,3
18,1
18,3
2,2
2,1
2,3
11,29
11,28
11,27
11,26
11,25
11,24
11,23
11,22
11,21
11,20
11,19
11,18
11,17
11,16
11,15
11,14
11,13
11,12
11,11
11,10
11,9
11,8
11,7
11,6
11,5
11,4
