0,460
0,278
0,9
0,459
0,386
37,52
37,51
37,50
37,49
37,48
37,47
37,46
37,45
37,44
37,43
37,42
37,41
37,40
37,39
37,38
37,37
37,36
4,67
4,14
4,30
4,86
4,82
4,32
29,1
29,3
37,35
10,197
10,311
10,119
10,161
10,73
10,181
10,309
10,35
11,17
8,10
8,9
8,18
20,1
20,3
19,2
19,1
19,3
18,1
18,3
14,1
14,3
13,1
13,3
2,2
2,1
2,3
20,2
17,3
17,2
17,1
16,3
16,2
16,1
15,3
15,2
15,1
14,2
13,2
12,3
12,2
12,1
11,29
11,25
11,19
11,15
11,13
11,7
11,3
11,2
11,1
10,285
10,259
10,251
10,223
10,215
10,177
10,135
10,29
10,3
10,2
10,1
9,7
9,5
9,3
9,2
9,1
8,16
8,15
8,12
8,11
