10,21
10,231
10,25
10,277
10,167
10,253
10,93
28,4
28,3
8,17
8,18
28,2
28,1
26,3
26,2
26,1
25,3
25,1
17,3
17,2
17,1
16,3
16,2
16,1
15,3
15,2
15,1
14,2
13,2
12,3
12,2
12,1
11,29
11,27
11,26
11,25
11,23
20,2
20,1
11,22
11,21
11,20
11,19
11,18
11,17
11,16
11,15
11,13
11,12
11,11
11,10
11,9
11,8
11,7
20,3
11,6
11,5
11,4
11,3
11,2
11,1
10,313
10,301
19,2
19,1
10,292
19,3
10,261
10,245
10,224
10,205
10,181
10,157
10,146
10,142
10,130
10,129
10,123
10,115
10,113
10,107
10,100
10,95
10,85
18,1
10,81
10,64
18,3
14,1
10,19
10,3
10,2
10,1
9,7
9,5
9,3
14,3
13,1
9,2
9,1
8,16
8,15
8,14
8,13
8,12
8,11
8,9
8,8
8,7
8,6
